GraspOffset:
  position:
    x: 0.0037551670003079241
    y: 0.40295562984993416
    z: 0.2738516292962398
  orientation:
    x: -0.62071616682997577
    y: 0.78356758411692673
    z: 0.0076953251135729161
    w: 0.025962729603437859