GraspOffset:
  position:
    x: -0.015973443715863511
    y: 0.37998284887261818
    z: 0.22411992909689027
  orientation:
    x: -0.68256336413565954
    y: 0.73028085631723738
    z: -0.027995411500013567
    w: -0.0036581103480567067
