GraspOffset:
  x: -0.098261620631764912
  y: 0.30160987978794107
  z: 0.061677289758278485
  qx: 0.7071241158041649
  qy: -0.70708660591421257
  qz: -0.0013366860602812623
  qw: -0.0014927349398203876
