ServoReference:
  position:
    x: 0.045306888032763615
    y: 0.053867148569981871
    z: 0.1720067433901151
  orientation:
    x: -0.69868796363054175
    y: 0.71517864722160651
    z: 0.00054314097295501279
    w: -0.018823842167928755
